HeronField_size(36,18,10);
Layer{
Heron(0_[0.770911,0.0194939,0.484793,0.266547,-0.188274,0.317251,-0.0225111,-0.473673,0.589321,-0.145913,0.708291,0.110621,-3.90525,-0.917386,-0.103945,-1.25006,0.12848,-1.40525]_basis(-7.11924e-9));
Heron(1_[-0.96693,2.59605,-0.207961,0.272062,-0.594091,1.0727,-0.138323,0.828437,-0.310151,-0.397548,1.2556,1.12709,0.311399,0.746383,0.00394075,0.947822,-3.23023,0.177142]_basis(-5.47204e-8));
Heron(2_[3.46498,1.48686,0.526078,-0.291801,-0.462272,0.585328,-0.385567,1.47804,1.5485,0.269808,-0.161087,0.0837478,2.82763,-0.95511,-1.79678,2.44196,3.38529,1.71348]_basis(-5.79799e-9));
Heron(3_[-1.56725,0.629691,0.476114,-1.49868,-1.37985,0.500745,1.37751,3.47618,3.64518,0.246022,0.89021,2.07862,-2.65546,0.533727,0.433699,1.25215,-0.971785,2.91259]_basis(-1.91201e-5));
Heron(4_[-1.30784,0.0831307,0.586724,0.0959014,0.957537,-0.80125,-1.10036,3.24155,5.74137,-2.34089,-1.62058,-1.45646,4.81461,1.42145,-1.24854,-2.13246,-3.52695,1.16961]_basis(-1.47152e-5));
Heron(5_[0.696737,0.217651,1.21295,0.277742,-0.0771752,-0.196053,-0.645978,0.260499,-1.24723,0.390325,2.09128,0.463906,0.827073,-0.412406,-2.6968,0.432317,-0.23355,0.110281]_basis(6.909e-9));
Heron(6_[0.464558,-0.671313,0.653422,-1.38069,-1.05342,0.311283,0.88364,0.371668,0.351214,-0.248775,0.282254,1.24806,1.24171,-0.420928,2.73532,0.103504,0.392272,0.873238]_basis(6.29022e-9));
Heron(7_[2.61887,-1.67191,-0.536826,2.82493,0.0202464,0.0947784,-1.58464,-0.285248,-0.0520915,-0.289972,1.05275,-0.500956,0.622319,0.725946,-2.34257,-0.444883,-4.71266,0.858904]_basis(1.01908e-8));
Heron(8_[-1.17903,-2.89263,0.823733,0.263363,1.29077,-0.801225,-1.22267,0.583345,-0.27005,-1.44285,-0.662882,-1.08335,-0.381504,-0.258735,-0.849581,-2.14786,0.415821,0.000267497]_basis(-2.66296e-8));
Heron(9_[-2.20534,-1.04112,-1.54585,1.38753,2.11715,-0.326601,-0.871859,2.67473,2.68278,-1.16941,-1.57932,-0.731915,0.776239,-0.17123,-1.73292,0.432136,-3.69212,-1.98638]_basis(-6.02235e-8));
Heron(10_[1.64432,0.00276934,-0.789587,0.820432,-0.963433,-1.64494,-0.60004,0.0475477,3.81628,-0.783276,-1.27531,0.901852,-1.37372,0.660203,2.37033,-2.76344,-3.02515,-8.35273]_basis(9.87603e-9));
Heron(11_[-5.76896,-9.66537,-1.08147,0.441988,0.398021,-5.41996,-1.07841,-4.59667,-2.96597,-1.9943,-4.9533,-2.68824,2.34348,-0.0620388,-2.41709,-0.905758,-5.78293,-3.16134]_basis(-3.45078e-9));
Heron(12_[-4.76134,3.89092,-2.91763,2.5294,1.57173,0.0571318,-2.3612,5.61033,3.27926,-1.40777,-0.166451,-3.9943,-3.63404,3.433,-4.69722,-0.740124,-2.81028,-0.992572]_basis(-4.43805e-8));
Heron(13_[0.0539422,1.71381,-1.78454,0.96646,1.0326,-0.114051,-1.24869,1.65971,5.23312,-0.423485,-0.612757,-0.864675,-2.82617,2.33046,-1.80927,9.16532,-1.52386,-2.17876]_basis(-7.61411e-9));
Heron(14_[-3.53964,-1.54705,-1.49401,1.53807,2.0125,0.172194,-1.51579,1.21707,0.655606,-1.39453,-1.49075,-1.32963,-2.27221,0.968855,-1.72097,6.64157,-1.62762,0.904139]_basis(-4.95895e-8));
Heron(15_[-2.79501,-4.97996,-1.31936,1.98375,2.34029,-2.45814,-1.66931,-0.771088,1.25799,-1.31914,-3.34033,-1.513,-3.54394,1.03186,-2.30769,0.688385,0.274346,7.01211]_basis(-1.46304e-9));
Heron(16_[-0.340253,-2.07994,-0.453755,-0.197653,1.31664,-1.13401,0.353287,0.531925,-0.593203,-0.338507,-3.71344,-0.215211,-0.231847,2.48425,-0.925769,-1.33003,1.22381,0.708587]_basis(1.11117e-8));
Heron(17_[0.142957,1.29476,-1.28396,-0.314453,-1.55067,-0.311635,-1.24243,1.64058,1.81121,-1.28361,-1.37476,0.336021,-2.74421,4.93522,-1.15893,-2.2609,-2.77209,-4.94325]_basis(9.75756e-8));
Heron(18_[-1.11871,0.29222,0.153612,-1.63242,-0.365233,0.564975,0.769647,0.0235496,-0.45953,0.234116,0.640821,0.0908068,-0.249968,0.026904,2.10188,0.511074,0.0495073,1.914]_basis(-4.94891e-9));
Heron(19_[0.179355,2.25765,-0.257918,0.868344,0.285787,1.13182,-1.65019,0.0189178,-1.63613,0.201625,0.651881,-2.03276,0.433907,0.119531,-2.73818,-0.343103,-1.04377,-0.466963]_basis(-5.83726e-6));
Heron(20_[1.42829,0.725711,0.651727,0.890381,-0.328409,0.324359,-0.646564,-0.187797,0.0711608,-0.227292,-0.337208,1.3769,0.95671,-2.32228,-1.78657,-1.68152,1.39739,1.54396]_basis(6.26903e-9));
Heron(21_[-1.49815,0.595643,-0.309618,0.264113,0.585933,0.810886,0.63656,0.874169,-0.572754,-0.341295,0.126436,1.08972,-1.85309,1.04511,1.96095,-1.51959,-0.799819,2.36243]_basis(-4.65719e-7));
Heron(22_[1.80375,0.171944,-0.514321,0.185649,0.100734,-0.622359,-1.23075,-0.910145,-0.567489,0.0984844,2.1639,-1.6453,-1.92464,0.897383,-4.48799,1.48304,-1.01888,-1.07344]_basis(1.70941e-9));
Heron(23_[0.30449,0.815708,-0.473771,-0.130638,-0.963338,2.01484,0.316513,0.148958,0.137408,0.0812819,1.42817,0.180547,-0.120746,0.64509,-0.826926,-0.887806,-1.82094,-2.26116]_basis(7.56758e-7));
Heron(24_[-1.82829,-0.595635,0.233555,1.73423,1.18658,-1.63729,-1.33079,0.382898,1.59664,-1.00515,-0.208984,-0.271607,-0.850545,0.356234,-2.8989,-1.46099,3.80054,-1.16518]_basis(4.58522e-9));
Heron(25_[1.19771,0.883384,-0.570661,-0.991942,-0.905934,-0.477392,-0.639187,-1.33252,-2.34655,0.54665,-1.05457,0.848425,-1.35299,0.104877,-2.71675,2.02675,-2.35229,0.618416]_basis(4.19552e-8));
Heron(26_[0.621815,0.655796,-0.660523,0.685638,-0.0749364,-0.222561,0.32369,-0.12842,0.721223,-0.00367448,-0.728519,0.996609,2.19187,0.231624,-1.68927,2.48645,-3.16996,0.494051]_basis(3.51428e-6));
Heron(27_[0.00320365,0.282265,0.0115915,-0.326814,-0.0538799,0.449256,-0.281941,0.717746,1.55536,-0.0714559,1.57154,-0.511555,1.27133,0.893823,-0.845909,-0.283722,-1.24601,-0.619256]_basis(7.91999e-9));
Heron(28_[-0.0379252,0.815365,-0.394858,-0.103232,-0.551665,1.17595,0.638027,0.205673,-0.713223,0.0531333,0.489048,-0.301515,0.676726,0.119752,-0.421981,0.490961,-0.89594,-0.643006]_basis(-1.29376e-8));
Heron(29_[2.37703,-1.00299,0.505027,-0.982915,-0.336609,-1.18572,0.687281,1.14269,2.87652,0.141869,-0.241277,0.207832,1.42625,-0.995085,1.15936,1.06861,2.63742,0.571418]_basis(-4.63673e-8));
Heron(30_[-1.74879,0.847393,-0.773483,-0.404868,-0.532885,0.328172,0.605947,0.487846,0.709241,-0.29887,0.115845,0.973149,1.19317,1.3597,2.91323,-0.998968,-1.62157,-1.78818]_basis(1.74961e-5));
Heron(31_[-2.40126,0.397798,0.697375,1.85583,0.936231,0.702253,-0.523709,2.30243,2.88889,-1.13451,1.43155,-1.27765,3.54562,0.139921,1.44624,-2.1771,-1.23622,2.58038]_basis(-2.57849e-8));
Heron(32_[0.703375,0.683669,-0.0504517,0.792826,-0.268612,1.48454,-0.359958,0.255688,1.42845,-0.517674,1.49442,0.541007,-0.702154,1.24762,-0.629327,-2.33898,-0.150034,0.398378]_basis(1.10483e-7));
Heron(33_[0.893619,-0.226755,0.0739594,-0.884122,-0.557281,-0.385136,0.712399,-0.837186,0.78686,0.388577,0.432938,0.260284,0.435264,-0.308194,1.42846,1.43437,-0.966022,2.29173]_basis(1.00324e-8));
Heron(34_[-3.07037,-0.304393,0.437283,-0.145456,0.19255,-0.161381,-0.933017,0.762093,0.958009,-0.307064,1.35105,-1.31644,1.00333,0.00172446,-1.73529,-1.24041,1.91133,0.768133]_basis(-1.3413e-8));
Heron(35_[-1.11053,-1.71462,-0.539765,1.50542,-0.695745,-0.300687,0.0544801,1.68563,1.55334,-0.0166595,-0.815101,2.42686,1.52764,-0.169323,-0.271729,0.53287,2.10047,-0.318524]_basis(2.54426e-8));
}
Layer{
Heron(0_[0.0242025,0.00816537,-0.0300316,-0.0538089,-0.0737523,2.66939,-1.22514,0.00886824,0.182651,-0.070311]_basis(2.76652e-6));
Heron(1_[-0.0151543,-0.00160865,-0.229491,1.88313,-0.0482961,-0.0958345,-0.0578737,-0.0132996,-0.0736981,-0.03499]_basis(-2.48385e-6));
Heron(2_[-2.83293,-4.15159,-0.571309,-0.284995,-0.280764,-2.10682,2.51091,-2.32548,-0.617959,-1.80416]_basis(7.36349e-7));
Heron(3_[-0.00930406,-0.0593208,0.126699,0.0764628,0.0365116,-2.31817,0.126024,0.0407044,0.168515,0.0390684]_basis(-8.2324e-6));
Heron(4_[-0.0850147,0.110151,-0.103748,-0.344638,0.150319,1.58103,-0.00848767,0.0580118,0.0394883,-1.09115]_basis(5.42445e-6));
Heron(5_[-0.0736293,-0.021596,0.256642,-2.04933,0.193807,0.132192,0.0558519,0.0353034,0.058316,0.0824644]_basis(1.58493e-6));
Heron(6_[0.0319789,-0.00356779,0.183304,0.110265,-3.50231,-1.74196,0.062406,0.0188284,1.53985,0.0677123]_basis(-1.62719e-5));
Heron(7_[0.0437326,0.0115451,0.118177,-0.00392283,0.0878293,0.0369357,-1.41123,-0.00568327,0.201123,-0.0136533]_basis(-1.19522e-5));
Heron(8_[0.0216644,-0.0227467,-0.00885653,0.0385932,0.0948178,-0.0787163,1.47463,0.00487748,-2.2666,-0.0369548]_basis(3.97274e-6));
Heron(9_[0.754555,-0.875122,-0.238972,0.0873878,1.9191,-1.95046,0.781176,0.0214913,-2.62631,-1.31029]_basis(1.15649e-5));
Heron(10_[0.128949,2.3579,-0.129112,0.154885,-0.295465,0.0533263,-0.0622723,-0.0735931,0.00369047,-0.0199818]_basis(-5.16645e-7));
Heron(11_[0.0203803,0.0408558,-0.146279,-0.0565052,0.0257487,2.14709,-0.0578579,-0.0459603,-0.0524936,-0.177228]_basis(1.66185e-5));
Heron(12_[-0.0265186,-0.00798737,1.51379,-0.0496562,-0.0535651,-0.0125771,-0.043312,-0.0690844,-0.0936704,-0.00831928]_basis(2.02949e-6));
Heron(13_[-0.119681,-2.58332,0.0405687,-0.00686436,0.115087,-0.0985826,1.33094,-0.0529629,-0.0221141,0.0135938]_basis(1.09724e-5));
Heron(14_[-0.075346,0.0122711,-0.136926,0.00839737,2.61342,0.0314876,-0.0934619,-0.0178769,-0.213424,0.0119781]_basis(8.25596e-7));
Heron(15_[-1.96267,-0.00966752,0.139806,-0.0400255,0.0776675,-0.00502256,0.208321,-0.00284033,0.118141,0.0217029]_basis(-3.48543e-6));
Heron(16_[-0.00216354,-0.00257678,-0.134292,0.00895176,-0.0537447,-0.134224,-0.0951997,0.0139089,-0.0519142,2.20409]_basis(3.98393e-7));
Heron(17_[0.0374049,-0.00194042,-0.259178,-0.00845259,-0.0419501,-0.0158975,-0.0716754,2.47253,-0.0652172,-0.0178467]_basis(-9.40368e-7));
}
Layer{
Heron(0_[]_basis(0.000545506));
Heron(1_[]_basis(-0.000179088));
Heron(2_[]_basis(0.000256231));
Heron(3_[]_basis(-0.000238408));
Heron(4_[]_basis(0.00013648));
Heron(5_[]_basis(0.000498611));
Heron(6_[]_basis(0.000760734));
Heron(7_[]_basis(-8.76888e-5));
Heron(8_[]_basis(-0.000270047));
Heron(9_[]_basis(8.58517e-5));
}
